324	31e2247f-9a60-4b6a-bdeb-9b18fbd0f512	1	0.09574468085106383
324	8e3b033c-be7d-4bda-920b-5df16144d8bd	2	0.0660377358490566
324	34f29bf5-e119-442c-8f36-67ce9a625f94	3	0.05982905982905983

361	02e3d2d5-7a50-45aa-b195-8b100926a844	1	0.06306306306306306
361	0659a52f-4802-4ded-860f-303b04e3cc37	2	0.05970149253731343
361	24fc377f-a4f3-4bbc-8c92-4714466397c0	3	0.0546875

387	3e3da6df-52f8-4a92-b96b-9c0f64c01b82	1	0.05042016806722689
387	7fb16dee-0481-4b91-b821-ac47c6826cbd	2	0.04597701149425287
387	9a9146ef-0eb9-4d0c-aa6a-566338ffd71c	3	0.043243243243243246

